//Codominant Data Formatted for SPAGeDi													
//Data Sheet = Sheet1													
//Data Title = 													
184	1	2	10	3	2								
//If required you will need to insert distance intervals in the next row as described in the SPAGeDi documentation.													
5	100	250	500	1000	1500		
Sample	Pop	X	Y	Ob03	Ob10	Ob19	Ob16	Ob12	Ob22	Ob11	Ob06	Ob07	Ob23
08-0001	Adult	644070	38934	104112	147156	182191	130130	227231	165197	240240	185193	177177	238238
08-0002	Adult	644085	38941	98106	156158	191193	130138	231231	199205	238240	185193	179181	225225
08-0003	Adult	644084	38924	94108	147152	182186	130138	231233	167193	240240	191191	177181	225225
08-0004	Adult	644113	38918	94094	152158	186193	128130	227231	175205	240240	191191	177177	225225
08-0005	Adult	644082	38896	94108	154156	189191	128130	231231	199201	240240	185191	173179	225225
08-0006	Adult	644091	38897	108108	147154	182189	130138	231231	167205	238238	191193	177177	225238
08-0007	Adult	644035	38909	100108	152160	186195	130138	231245	163165	238238	185193	173175	225225
08-0008	Adult	644028	38915	94106	154156	189191	130130	231231	175197	238238	191193	177177	225225
08-0009	Adult	644019	38905	94108	152156	186191	130138	0	199203	238238	191191	171177	225225
08-0010	Adult	644002	38907	94108	147158	182193	130130	231243	197199	240240	191193	171173	225244
08-0011	Adult	643948	38919	106106	150160	184195	130130	231231	197203	238240	191191	173181	225225
08-0012	Adult	643952	38921	94108	150152	184186	128138	231231	199199	240240	191191	171181	225236
08-0013	Adult	643943	38927	98104	147154	182189	138138	231231	165199	238238	185193	171177	225238
08-0060	Adult	643937	38910	106108	150154	184189	130130	231231	197197	238240	193193	177177	225225
08-0061	Adult	643934	38929	108108	154156	189191	128130	231231	165167	238238	191191	171173	225238
08-0062	Adult	643899	38884	104108	147147	182182	128130	231238	199203	238240	193193	177179	225236
08-0063	Adult	643978	38884	106108	147154	182189	130138	229231	165201	240240	185193	173173	225225
08-0064	Adult	644035	38896	104108	154156	189191	130138	229231	165201	240240	185191	165173	225225
08-0065	Adult	644100	38884	108108	154154	189189	128128	231231	163167	238240	185185	165173	225225
08-0066	Adult	644089	38855	98100	154160	189195	138138	231231	197199	238240	191191	173177	225238
08-0067	Adult	644047	38870	106110	147150	182184	130130	231231	199205	238243	193193	165177	225225
08-0068	Adult	644027	38874	104106	150156	184191	128130	231231	199205	240258	191193	171177	225238
08-0069	Adult	644034	38857	108108	147156	182191	128130	231245	165197	240240	185191	171177	225238
08-0070	Adult	643925	38857	94108	154156	189191	130138	231235	193199	238240	191193	165177	225238
08-0071	Adult	643920	38836	108112	154154	189189	130138	231235	193201	238243	191193	165177	225238
08-0072	Adult	643930	38852	110110	147154	182189	130130	231231	165195	238243	191191	171177	225225
08-0073	Adult	643965	38840	98108	150154	184189	128128	231242	193199	238243	185191	173181	225225
08-0074	Adult	643984	38834	98104	154156	189191	128130	231231	167205	238238	191193	175177	225238
08-0075	Adult	644006	38849	106108	154156	189191	128138	231231	175201	240240	191191	177181	225238
08-0076	Adult	643999	38841	94108	156160	191195	130130	231231	165203	240240	191191	171177	238238
08-0077	Adult	644015	38831	98108	150154	184189	128128	231245	167201	240243	191191	173177	225225
08-0078	Adult	644028	38850	104108	150154	184189	130138	231231	167167	240243	185185	165177	225225
08-0079	Adult	644044	38843	108110	154154	189189	130138	229231	165167	238240	185191	177181	225225
08-0080	Adult	644099	38831	94112	147158	182193	130130	231233	167199	240240	185191	175179	225225
08-0081	Adult	644095	38831	94108	147158	182193	130130	231242	167199	238240	191191	171177	225225
08-0103	Adult	644128	38833	98104	154160	189195	130138	231243	167205	238238	191191	173179	225225
08-0104	Adult	644130	38827	94106	150154	184189	130130	227231	193199	238243	185191	171179	225225
08-0105	Adult	644118	38808	94094	150150	184184	130130	227231	199199	238243	185191	165171	225225
08-0106	Adult	644128	38820	94110	158158	193193	130130	231231	193199	238238	191191	173181	225238
08-0107	Adult	644064	38838	98108	150154	184189	130130	231231	199205	240240	191191	171177	225225
08-0108	Adult	643938	38759	98108	150154	184189	130138	231231	199199	238238	185191	171173	225240
08-0109	Adult	643951	38759	108108	154160	189195	128130	231235	167199	238238	191191	177177	225225
08-0110	Adult	643963	38755	100108	156160	191195	130130	231231	167197	240243	191191	173177	225238
08-0111	Adult	643972	38746	98110	150160	184195	130130	231231	165197	240240	185193	171171	225225
08-0112	Adult	644003	38759	106110	150158	184184	130138	231231	165197	238240	191193	171175	225225
08-0113	Adult	643997	38772	98108	150154	184189	130130	231231	201203	243258	191193	171171	225238
08-0114	Adult	644018	38770	108110	156160	191195	128130	231231	167199	243243	185191	171177	225225
08-0115	Adult	644019	38770	100108	156156	191191	130130	231235	165199	238238	191193	171173	225238
08-0116	Adult	644022	38762	94108	156158	191193	130130	231243	175203	240240	191191	173177	225225
08-0117	Adult	644017	38759	104104	150154	184189	128130	231243	199203	243258	191193	171171	225238
08-0118	Adult	644016	38766	94106	147156	182191	130130	231231	165167	240240	185193	175179	225236
08-0119	Adult	644027	38761	94110	147156	182191	128128	231231	199199	238238	185191	171171	225225
08-0120	Adult	644081	38763	98104	154156	189191	130130	231243	197203	240240	191191	171177	225238
08-0121	Adult	644084	38765	108108	154154	189189	128128	231231	197205	238240	191193	173181	225225
08-0122	Adult	644080	38756	94094	147156	182182	130138	231233	199199	238238	191191	175179	225225
08-0123	Adult	644234	38797	94108	150158	184193	130138	231242	165195	238240	185191	173173	225225
08-0124	Adult	644248	38771	98108	154156	189191	128130	231231	165193	238238	191191	171177	238238
08-0125	Adult	644209	38731	94094	154154	189189	128138	231231	199205	238238	185191	171173	238238
08-0126	Adult	644171	38729	104108	154156	189191	130138	231233	175205	240240	191193	177177	225238
08-0127	Adult	644007	38750	100108	147154	182189	130130	231243	167201	238238	191191	177181	225225
08-0161	Adult	644003	38751	108112	154156	189191	128130	231231	167205	238243	191191	171171	225238
08-0162	Adult	644006	38731	108108	147154	182189	130130	231231	197205	238240	191193	173177	225225
08-0163	Adult	644062	38745	94104	154158	189193	130130	231231	165205	240240	191191	171177	225225
08-0164	Adult	644069	38740	94098	147154	182189	128130	231231	167195	238238	185191	171177	225225
08-0165	Adult	644080	38725	94110	150156	184191	128130	231243	167199	240258	185191	171177	225225
08-0166	Adult	644090	38685	94108	150158	184193	130138	231231	197199	238243	191191	173177	225225
08-0167	Adult	644111	38693	98104	156156	191191	130138	231231	199201	240240	191193	173181	225225
08-0168	Adult	644126	38678	98108	150158	184193	130138	231231	167197	238240	191193	173179	225225
08-0169	Adult	644036	38706	94098	147154	182189	130130	231235	175197	238243	191193	165165	225238
08-0170	Adult	644030	38683	98108	147147	182182	128138	231231	165197	240240	191193	171177	225225
08-0171	Adult	643991	38677	108108	147156	182191	130130	231243	175199	238240	191191	171181	225225
08-0172	Adult	644001	38664	94108	154156	189191	128130	231235	201205	238240	191191	171173	225236
08-0173	Adult	643959	38652	94112	147154	182189	130130	229231	167201	240240	191191	173177	238240
08-0174	Adult	643942	38645	98108	156156	191191	130130	231231	167199	238240	185193	171177	225225
08-0175	Adult	644082	38668	106110	147152	182186	130138	231231	199201	238243	191191	171173	225225
08-0176	Adult	644018	38429	106108	147156	182191	130130	235242	199205	240243	191193	171173	225225
08-0177	Adult	643999	38462	108108	147154	182189	128130	227231	199201	238240	191191	171181	225225
08-0178	Adult	643867	38508	98104	147154	182189	130130	231231	163197	238238	185193	173177	225225
08-0179	Adult	643854	38517	94104	147154	182189	130130	235243	163205	238240	193193	173177	225238
08-0180	Adult	643851	38562	94108	154160	189195	128130	227243	165201	240240	191193	171177	225238
08-0181	Adult	643889	38674	100108	156156	191191	130138	231245	167193	238238	191191	171173	225238
08-0182	Adult	644325	38895	94098	147147	182182	128130	231243	201203	240240	185191	165173	225240
08-0183	Adult	644142	38855	94110	156158	191193	130130	231231	167199	240240	185191	175177	225225
08-0184	Adult	644301	38919	106108	154160	189195	130130	231231	197205	240243	191191	165171	225242
08-0185	Adult	644224	38836	100112	147154	182189	130138	231231	165167	238240	185193	171177	225225
08-0186	Adult	644250	38827	106108	147156	182191	128130	231243	199203	240240	185195	173177	225238
08-0223	Adult	643597	38658	94098	154156	189191	128128	227231	199205	238238	185191	173177	225225
08-0459	Adult	643765	38370	100108	154158	189193	130138	0	165203	238238	191191	171177	225238
08-0539	Adult	644117	38952	98108	147158	182193	130138	231231	199205	238240	191193	177179	225225
08-0625	Adult	643932	38965	108110	147154	182189	130130	231231	167205	238240	191193	177179	225225
08-0670	Adult	643949	38977	106108	147150	182184	130130	231233	195197	240243	191191	173177	238242
08-0671	Adult	643962	38962	106108	158160	193195	130138	227231	165199	240240	191193	171171	225238
08-0672	Adult	643983	38940	108108	154156	189191	128130	231243	199201	240240	191195	173173	225225
08-0673	Adult	643988	38973	100108	156160	191195	130130	231243	165197	238240	185191	177179	238240
08-0674	Adult	644007	38964	94106	156160	191195	130138	231235	175199	238240	185191	171179	225225
08-0724	Adult	644006	38964	94106	154160	189195	130138	231231	199199	238240	191191	173179	225225
08-0725	Adult	644025	38982	94104	150160	184195	130130	231243	167203	240240	193193	179179	238238
08-0726	Adult	644064	38945	94106	156158	191193	128130	231231	167175	238238	185191	173179	225225
08-0727	Adult	644071	38956	98106	150158	184193	130138	231231	165199	240240	191191	171177	225236
08-0728	Adult	644069	38948	94108	147154	182189	128130	231245	167197	238240	191191	177177	225236
08-0729	Adult	644111	38966	108108	152154	186189	130138	233243	165197	238238	191193	173177	225236
09-10260	Adult	643894	38940	94106	152160	186195	130130	231231	197203	238240	185191	177181	225225
09-10265	Adult	643901	38980	108108	147154	182189	128138	233243	199199	238240	185191	171177	225238
09-10266	Adult	643870	38982	94106	150154	184189	130138	231231	165199	240240	191191	177179	225225
09-10267	Adult	643937	39019	106108	154154	189189	128130	231231	193199	240243	191193	177179	238240
09-10268	Adult	643959	39029	94108	150154	184189	130138	227231	199199	240240	191191	171177	225225
09-10269	Adult	643915	39060	98108	150154	184189	128130	231231	199205	238243	191193	171177	225225
09-10270	Adult	643901	39060	94108	147147	182182	130138	231233	165199	240243	191193	177181	225225
09-10271	Adult	644002	39060	100106	147156	182191	128130	231233	199205	238240	191193	173177	225225
09-10273	Adult	644013	38998	98108	147154	182189	130130	231231	197205	238240	191191	175177	225238
09-10280	Adult	643961	39131	104108	154156	189191	130130	231243	193197	238240	191193	171177	225238
09-10294	Adult	644072	39016	108108	154154	189189	130130	231243	193205	240243	193193	177177	225238
09-10311	Adult	644240	39003	94098	150154	184189	138138	231231	167199	240240	191191	179179	225238
09-10313	Adult	644250	38993	94106	150156	184191	128130	231243	165167	238238	185191	177181	225225
09-10314	Adult	644259	38994	108110	150154	184189	128130	235243	197199	240240	193193	177179	238242
09-10316	Adult	644248	38970	94098	147152	182186	128138	231231	167195	238240	185191	173181	225236
09-10317	Adult	644220	38946	108108	154158	189193	128130	231243	199199	240243	191191	171181	236240
09-10318	Adult	644310	38995	106108	0	191191	130130	227231	199201	240240	0	173177	225225
09-10319	Adult	644297	38996	104108	154154	189189	130130	231243	167199	240240	191191	173177	225238
09-10321	Adult	644303	39042	108108	150154	184189	130130	231231	165167	240243	191191	181181	225225
10-10162	Adult	644321	38525	108108	147152	182186	138138	231231	199199	238240	191193	171177	225225
10-10163	Adult	644307	38532	94094	147147	182182	130138	231242	165199	238238	191193	171171	225225
10-10164	Adult	644335	38519	106108	147150	182184	130130	231231	165205	240240	191193	173177	225225
10-10166	Adult	644365	38582	106108	154160	189195	128130	231242	199199	238240	193193	171181	225238
10-10173	Adult	644266	38548	108108	147152	182186	128130	231245	199201	238238	191191	171181	225225
10-10174	Adult	644269	38537	94110	152158	186193	128128	231231	199199	238238	191191	171181	225225
10-10175	Adult	644301	38552	94098	147152	182186	128128	231231	199199	240240	191191	165181	225225
10-10176	Adult	644104	38640	106106	154156	189191	128130	231231	165201	238243	185193	165171	225225
10-10195	Adult	643803	38739	108110	152158	186193	128130	231231	199201	238240	185191	171179	225225
10-10210	Adult	643777	38589	108108	152156	186191	130138	231231	165199	238238	185191	177181	225225
10-10232	Adult	643763	38576	100108	147154	182189	128130	231231	175205	238240	191195	177177	225225
10-10248	Adult	643735	38582	98108	154158	189193	128130	231243	199199	240240	185193	171177	225225
10-10263	Adult	643800	38543	94094	150158	184193	128130	231243	205205	238240	185193	165177	225238
10-10287	Adult	643645	38421	94108	147158	182193	130130	231243	197205	238238	193193	171171	225225
10-10365	Adult	644007	38944	94106	152158	186193	130130	231231	167197	238240	191193	173181	225238
10-10596	Adult	644052	38737	108110	154154	189189	128130	231231	199205	238243	185191	171177	225225
10-10622	Adult	643879	38149	94100	154154	189189	130130	231231	195197	238240	185191	171173	225225
10-10648	Adult	644299	38465	98100	152154	186189	130130	231231	165199	240240	191191	165171	225225
10-10693	Adult	644300	38503	98108	156160	191195	130138	231235	163199	238238	185191	165171	225225
10-10724	Adult	643424	38902	108108	154156	189191	128138	231242	197201	238238	191193	171177	225238
10-10746	Adult	643328	39034	108108	156158	191193	128130	231243	163199	238240	191193	171181	225238
10-10761	Adult	643442	39029	100108	154154	189197	130130	227233	167197	238240	191193	171177	225225
10-10762	Adult	643464	39036	94108	150154	184189	128130	231231	165175	238240	191193	171173	225225
10-10763	Adult	643469	39045	108108	150158	184193	130130	231231	167199	238243	191193	165179	225238
10-10798	Adult	643635	39006	94110	154154	189189	130130	231231	195199	238243	191191	171177	225225
10-10819	Adult	643752	38965	98106	147158	182193	130138	231231	165201	240243	191191	177179	225225
10-10878	Adult	643711	38904	106108	154160	189195	130138	231231	199201	238243	191191	165181	225225
10-10879	Adult	643691	38866	98100	152154	186189	130130	231231	165199	240240	191191	165171	225225
10-10881	Adult	643638	38790	94098	154154	189189	128130	227227	165167	238243	185191	177177	225225
10-10895	Adult	643599	38735	108108	150154	184189	130130	231242	167203	238238	191193	171173	225236
10-11652	Adult	643686	39159	94106	152156	186191	128130	231233	195201	238243	191191	177181	238240
10-11653	Adult	643728	39076	106106	154156	189191	130130	231231	165167	240243	191193	165181	225238
10-11654	Adult	643723	39062	94094	150154	184189	128128	227231	163167	240243	185185	173177	225236
10-11657	Adult	643739	39311	98106	154160	189195	128130	231231	175201	238240	185191	171181	225225
10-11662	Adult	643597	39327	94108	154156	189191	130130	229231	175199	240243	185193	173177	236238
10-11665	Adult	643942	39156	104106	156160	191195	128130	233243	165199	238240	185191	177179	225238
10-11667	Adult	644004	39182	106106	152156	186191	130130	231231	165167	238243	191191	171173	225225
10-11705	Adult	644085	39294	94104	154160	189195	130130	231243	167199	238240	185191	177177	225236
10-11706	Adult	644055	39279	94110	154154	189189	130130	231231	167201	238243	185191	171177	225238
10-11710	Adult	644139	39238	108108	154154	189189	130130	231243	167175	240243	185191	173179	225225
10-11711	Adult	644142	39230	98100	154158	189193	130130	231231	193197	238238	191193	171179	225236
10-11713	Adult	643741	39315	104108	150156	184191	128130	231231	165199	240240	185191	173177	225225
10-11716	Adult	644036	39330	108108	147147	182182	128138	0	163167	238238	185191	171177	0
10-11717	Adult	644304	39277	94106	147156	182191	130138	231231	167205	240240	185191	171177	225238
10-12064	Adult	643747	38779	98106	150154	184189	128130	231231	167197	238240	185191	177177	225238
10-12102	Adult	644437	39128	94108	150160	184195	130130	231231	167199	238240	185185	165177	236238
10-12104	Adult	644455	39212	94108	147147	182182	130138	231231	203205	238240	191191	171179	236238
10-12108	Adult	644420	39313	94108	150160	184195	128130	231235	167167	240243	185193	179181	225240
10-12109	Adult	644432	39335	94098	150154	184189	130138	231231	203205	238238	191193	171177	225238
10-12111	Adult	644397	39350	94094	152154	186189	128130	231231	199203	238240	191193	165171	225236
10-12112	Adult	644374	39343	100108	152156	186191	130138	231231	197203	240240	191193	171177	225225
10-12113	Adult	644356	39347	100108	156160	191195	128138	231235	167197	238240	191191	173181	225236
10-12114	Adult	644396	39347	94108	147154	182189	128138	231243	197199	240240	193195	177177	225238
10-12115	Adult	644449	39342	94108	152160	186195	128130	231231	197201	243243	185191	171179	225238
10-12116	Adult	644418	39383	106110	150152	184186	130130	227231	167193	238243	191191	171177	225238
10-12117	Adult	644456	39364	94098	154154	189189	130130	231231	195197	240243	191191	173177	225225
10-12118	Adult	644454	39371	106108	150154	184189	130130	227231	199201	240240	191193	173177	225225
10-12119	Adult	644484	39392	94108	154158	189193	130130	231231	199205	240243	191193	165177	225225
10-12120	Adult	644461	39370	94104	156158	191193	130130	231243	167205	238240	185185	171177	225238
10-12121	Adult	644508	39390	94104	154158	189193	130138	231243	167205	240243	185191	177179	238242
10-12122	Adult	644502	39393	94098	154154	189189	130138	231231	165205	240243	191191	177179	225236
10-12123	Adult	644556	39355	94094	154158	189193	130130	231243	199205	240240	191193	165171	225225
10-12124	Adult	644561	39358	106108	147154	182189	130130	231231	163175	240240	191193	177179	225225
10-12125	Adult	644449	39047	94106	154156	189191	130130	231243	175199	240240	185193	171177	225225
END													
